118	118	118	118	118	118	118	118	118	118	118	118	118	118	118	118	118	118	118	118	118	118	118	118	118	118	118	118	118	118	118	118	118	118	118	118	118	118	118	118	118	118	118	118	118	118	118	118	118	118	118	118	118	118	118	118	118	118	118	118	118	118	118	118	118	118	118	118	118	118	118	118	118	118	118	118	118	118	118	118	118	118	118	118	118	118	118	118	118	118	118	118	118	118	118	118	118	118	118	118	118	118	118	118	118	118	118	118	118	118
118	118	118	118	118	118	118	118	118	118	118	118	118	118	118	118	118	118	118	118	118	118	118	118	118	118	118	118	118	118	118	118	118	118	118	118	118	118	118	118	118	118	118	118	118	118	118	118	118	118	118	118	118	118	118	118	118	118	118	118	118	118	118	118	118	118	118	118	118	118	118	118	118	118	118	118	118	118	118	118	118	118	118	118	118	118	118	118	118	118	118	118	118	118	118	118	118	118	118	118	118	118	118	118	118	118	118	118	118	118
118	118	118	118	118	118	118	118	118	118	118	118	118	118	118	118	118	118	118	118	118	118	118	118	118	118	118	118	118	118	118	118	118	118	118	118	118	118	118	118	118	118	118	118	118	118	118	118	118	118	118	118	118	118	118	118	118	118	118	118	118	118	118	118	118	118	118	118	118	118	118	118	118	118	118	118	118	118	118	118	118	118	118	118	118	118	118	118	118	118	118	118	118	118	118	118	118	118	118	118	118	118	118	118	118	118	118	118	118	118
118	118	118	118	118	118	118	118	118	118	118	118	118	118	118	118	118	118	118	118	118	118	118	118	118	118	118	118	118	118	118	118	118	118	118	118	118	118	118	118	118	118	118	118	118	118	118	118	118	118	118	118	118	118	118	118	118	118	118	118	118	118	118	118	118	118	118	118	118	118	118	118	118	118	118	118	118	118	118	118	118	118	118	118	118	118	118	118	118	118	118	118	118	118	118	118	118	118	118	118	118	118	118	118	118	118	118	118	118	118
118	118	118	118	118	118	118	118	118	118	118	118	118	118	118	118	118	118	118	118	118	118	118	118	118	118	118	118	118	118	118	118	118	118	118	118	118	118	118	118	118	118	118	118	118	118	118	118	118	118	118	118	118	118	118	118	118	118	118	118	118	118	118	118	118	118	118	118	118	118	118	118	118	118	118	118	118	118	118	118	118	118	118	118	118	118	118	118	118	118	118	118	118	118	118	118	118	118	118	118	118	118	118	118	118	118	118	118	118	118
118	118	118	118	118	118	118	118	118	118	118	118	118	118	118	118	118	118	118	118	118	118	118	118	118	118	118	118	118	118	118	118	118	118	118	118	118	118	118	118	118	118	118	118	118	118	118	118	118	118	118	118	118	118	118	118	118	118	118	118	118	118	118	118	118	118	118	118	118	118	118	118	118	118	118	118	118	118	118	118	118	118	118	118	118	118	118	118	118	118	118	118	118	118	118	118	118	118	118	118	118	118	118	118	118	118	118	118	118	118
118	118	118	118	118	118	118	118	118	118	118	118	118	118	118	118	118	118	118	118	118	118	118	118	118	118	118	118	118	118	118	118	118	118	118	118	118	118	118	118	118	118	118	118	118	118	118	118	118	118	118	118	118	118	118	118	118	118	118	118	118	118	118	118	118	118	118	118	118	118	118	118	118	118	118	118	118	118	118	118	118	118	118	118	118	118	118	118	118	118	118	118	118	118	118	118	118	118	118	118	118	118	118	118	118	118	118	118	118	118
118	118	118	118	118	118	118	118	118	118	118	118	118	118	118	118	118	118	118	118	118	118	118	118	118	118	118	118	118	118	118	118	118	118	118	118	118	118	118	118	118	118	118	118	118	118	118	118	118	118	118	118	118	118	118	118	118	118	118	118	118	118	118	118	118	118	140	136	136	141	118	118	118	118	118	118	118	118	118	118	118	118	118	118	118	118	118	118	118	118	118	118	118	118	118	118	118	118	118	118	118	118	118	118	118	118	118	118	118	118
118	118	118	118	118	118	118	118	118	118	118	118	118	118	118	118	118	118	118	118	118	118	118	118	118	118	118	118	118	118	118	118	118	118	118	118	118	118	118	118	118	118	118	118	118	118	118	118	118	118	118	118	118	118	118	118	118	118	118	118	118	118	118	118	118	140	147	135	135	146	141	118	118	118	118	118	118	118	118	118	118	118	118	118	118	118	118	118	118	118	118	118	118	118	118	118	118	118	118	118	118	118	118	118	118	118	118	118	118	118
118	118	118	118	118	118	118	118	118	118	118	118	118	118	118	118	118	118	118	118	118	118	118	118	118	118	118	118	118	118	118	118	118	118	118	118	118	118	118	118	118	118	118	118	118	118	118	118	118	118	118	118	118	118	118	118	118	118	118	118	118	118	118	118	140	147	135	135	135	135	146	141	118	118	118	118	118	118	118	118	118	118	118	118	118	118	118	118	118	118	118	118	118	118	118	118	118	118	118	118	118	118	118	118	118	118	118	118	118	118
118	118	118	118	118	118	118	118	118	118	118	118	118	118	118	118	118	118	118	118	118	118	118	118	118	118	118	118	118	118	118	118	118	118	118	118	118	118	118	118	118	118	118	118	118	118	118	118	118	118	118	118	118	118	118	118	118	118	118	118	118	118	140	136	147	135	135	135	135	135	135	146	141	118	118	118	118	118	118	118	118	118	118	118	118	118	118	118	118	118	118	118	118	118	118	118	118	118	118	118	118	118	118	118	118	118	118	118	118	118
118	118	118	118	118	118	118	118	118	118	118	118	118	118	118	118	118	118	118	118	118	118	118	118	118	118	118	118	118	118	118	118	118	118	118	118	118	118	118	118	118	118	118	118	118	118	118	118	118	118	118	118	118	118	118	118	118	118	118	118	140	136	147	135	135	135	135	135	135	135	135	135	135	136	141	118	118	118	118	118	118	118	118	118	118	118	118	118	118	118	118	118	118	118	118	118	118	118	118	118	118	118	118	118	118	118	118	118	118	118
118	118	118	118	118	118	118	118	118	118	118	118	118	118	118	118	118	118	118	118	118	118	118	118	118	118	118	118	118	118	118	118	118	118	118	118	118	118	118	118	118	118	118	118	118	118	118	118	118	118	118	118	118	118	140	136	136	136	136	136	147	135	135	135	135	135	135	135	135	135	135	135	135	135	146	136	136	136	136	136	136	136	136	136	136	136	136	136	136	136	141	118	118	118	118	118	118	118	118	118	118	118	118	118	118	118	118	118	118	118
118	118	118	118	118	118	118	118	118	118	118	118	118	118	118	118	118	118	118	118	118	118	118	118	118	118	118	118	118	118	118	118	118	118	118	118	118	118	118	118	118	118	118	118	118	118	118	118	118	140	136	136	136	136	147	135	135	135	135	135	135	135	135	135	135	135	135	135	152	148	148	148	148	148	148	148	148	148	148	148	148	148	148	148	148	148	148	148	148	153	135	141	118	118	118	118	118	118	118	118	118	118	118	118	118	118	118	118	118	118
118	118	118	118	118	118	118	118	118	118	118	118	118	118	118	118	118	118	118	118	118	118	118	118	118	118	118	118	118	118	118	118	118	118	118	118	118	118	118	118	118	118	118	118	140	136	136	136	136	147	135	135	135	135	135	135	135	135	135	135	135	135	152	148	148	148	148	148	101	101	101	101	101	101	101	127	101	101	101	101	101	101	101	101	101	101	101	101	101	101	153	135	141	118	118	118	118	118	118	118	118	118	118	118	118	118	118	118	118	118
118	118	118	118	118	118	118	118	118	118	118	118	118	118	118	118	118	118	118	118	118	118	118	118	118	118	118	118	118	118	118	140	136	136	136	136	136	136	136	136	136	136	136	136	147	135	135	135	135	135	135	135	135	135	135	135	135	135	152	148	148	148	180	189	189	189	189	189	189	189	236	189	189	189	189	189	236	189	189	189	189	189	236	189	189	189	189	189	189	189	177	153	139	118	118	118	118	118	118	118	118	118	118	118	118	118	118	118	118	118
118	118	118	118	118	118	118	118	118	118	118	118	118	118	118	118	118	118	118	118	118	118	118	118	118	118	118	118	118	140	136	147	135	135	135	135	135	135	135	135	135	135	135	135	135	135	152	148	153	135	135	135	135	135	135	135	135	152	159	234	229	230	181	521	522	523	524	525	524	525	237	193	193	193	193	193	237	193	193	193	256	257	237	193	193	193	193	193	193	193	178	151	139	118	118	118	118	118	118	118	118	118	118	118	118	118	118	118	118	118
118	118	118	118	118	118	118	118	118	118	118	118	118	118	118	118	118	118	118	118	118	118	118	118	118	118	118	140	136	147	135	152	148	148	148	148	148	148	148	148	148	153	135	135	152	148	159	101	156	148	148	148	148	148	148	148	148	159	127	232	101	101	182	526	527	528	529	530	529	530	238	210	211	240	214	215	238	248	249	190	258	259	238	478	479	190	258	259	478	479	179	151	139	118	118	118	118	118	118	118	118	118	118	118	118	118	118	118	118	118
118	118	118	118	118	118	118	118	118	118	118	118	118	118	118	118	118	118	118	118	118	118	118	118	118	140	136	147	135	135	152	101	378	379	380	381	382	101	166	167	101	156	148	148	159	101	101	101	101	101	101	101	101	101	127	127	127	127	127	232	101	101	195	531	532	532	532	532	533	534	239	212	213	241	216	217	239	250	251	440	440	441	239	481	480	486	487	488	481	480	194	151	139	118	118	118	118	118	118	118	118	118	118	118	118	118	118	118	118	118
118	118	118	118	118	118	118	118	118	118	118	118	118	118	118	118	118	118	118	118	118	118	118	140	136	147	135	135	152	148	101	101	383	384	385	386	387	101	168	169	101	101	101	101	101	127	101	160	161	101	101	101	101	101	101	101	101	101	101	232	101	101	519	535	536	536	537	538	539	540	239	242	243	243	243	244	239	252	253	442	442	443	239	176	176	489	490	491	482	483	194	151	139	118	118	118	118	118	118	118	118	118	118	118	118	118	118	118	118	118
118	118	118	118	118	118	118	118	118	118	118	118	118	118	118	118	118	118	118	118	118	118	140	147	135	135	152	148	101	101	101	101	388	389	390	391	392	101	170	171	101	101	101	101	101	101	101	162	163	101	101	101	101	101	127	127	101	101	101	232	102	102	520	541	542	542	542	543	544	545	239	245	246	246	246	247	239	254	255	444	444	445	239	176	176	492	493	494	484	485	194	151	139	118	118	118	118	118	118	118	118	118	118	118	118	118	118	118	118	118
118	118	118	118	118	118	118	118	118	118	118	118	118	118	118	118	118	118	118	118	140	136	147	135	152	148	101	101	101	101	101	366	367	367	367	367	367	367	367	367	367	367	367	367	367	368	101	164	165	101	234	229	229	229	229	172	173	229	229	230	102	128	393	191	191	191	191	191	191	191	452	191	191	191	260	176	218	191	191	191	260	176	446	176	302	191	191	191	191	191	177	151	139	118	118	118	118	118	118	118	118	118	118	118	118	118	118	118	118	118
118	118	118	118	118	118	118	118	118	118	118	118	118	118	118	118	118	118	118	140	147	135	135	152	101	101	101	350	351	352	353	369	263	263	263	263	263	263	263	263	263	263	263	263	263	377	368	101	101	101	232	128	128	101	101	174	175	101	101	101	102	128	394	398	402	404	406	408	410	412	222	193	193	193	261	176	219	193	193	193	261	176	447	176	303	476	193	193	193	193	178	151	139	118	118	118	118	118	118	118	118	118	118	118	118	118	118	118	118	118
118	118	118	118	118	118	118	118	118	118	118	118	118	118	118	118	118	140	136	147	135	135	152	101	101	101	101	354	355	356	357	369	263	263	263	263	263	263	263	263	263	263	263	263	263	374	373	101	101	101	232	128	101	101	101	101	101	101	101	101	102	128	395	399	403	405	407	409	411	413	223	190	190	190	262	176	220	190	190	190	262	176	448	176	304	477	466	467	468	475	179	151	146	141	118	118	118	118	118	118	118	118	118	118	118	118	118	118	118	118
118	118	118	118	118	118	118	118	118	118	118	118	118	118	118	118	140	147	135	135	152	148	101	101	101	127	101	358	359	360	361	369	263	263	263	263	263	263	263	263	263	263	263	263	374	373	101	101	101	101	232	128	101	107	108	108	108	108	108	109	102	128	396	400	176	176	176	176	176	176	176	176	176	176	176	176	176	176	176	176	176	176	176	176	239	457	469	470	471	459	194	151	135	139	118	118	118	118	118	118	118	118	118	118	118	118	118	118	118	118
118	118	118	118	118	118	118	118	118	118	118	118	118	118	140	136	147	135	135	152	350	351	352	353	101	101	101	362	363	364	365	371	372	372	376	263	263	263	263	263	263	263	263	263	370	127	101	101	101	101	232	126	101	110	135	135	135	135	135	111	102	128	397	401	414	415	416	416	416	416	417	418	176	176	176	176	495	496	496	497	498	499	449	176	446	460	472	473	474	462	194	151	135	139	118	118	118	118	118	118	118	118	118	118	118	118	118	118	118	118
118	118	118	118	118	118	118	118	118	118	118	118	118	140	147	135	135	135	135	150	354	355	356	357	101	101	101	101	101	101	101	101	101	101	369	263	263	263	263	263	263	263	263	263	377	367	367	368	101	101	232	126	101	110	135	135	135	135	135	111	102	128	195	176	419	420	421	422	423	424	425	426	176	176	176	176	500	516	501	502	503	504	450	176	447	460	461	461	461	462	194	151	135	139	118	118	118	118	118	118	118	118	118	118	118	118	118	118	118	118
118	118	118	118	118	118	118	118	118	118	118	118	118	138	135	135	135	135	152	101	358	359	360	361	101	101	101	101	101	101	101	101	101	127	369	263	263	263	263	263	263	263	263	263	263	263	374	373	101	101	232	126	101	110	135	135	135	135	135	111	102	128	195	176	427	428	429	430	431	432	433	434	176	176	176	176	505	515	506	507	508	509	451	176	448	460	461	461	461	462	194	151	135	139	118	118	118	118	118	118	118	118	118	118	118	118	118	118	118	118
118	118	118	118	118	118	118	118	118	118	118	118	118	138	135	135	152	148	101	101	362	363	364	365	101	101	101	101	101	101	101	101	101	101	369	263	263	263	263	263	263	263	263	263	263	374	373	101	101	101	228	229	233	112	113	225	135	224	113	114	102	128	195	176	435	436	437	437	437	437	438	439	176	176	176	176	510	511	512	513	513	514	239	176	176	463	464	464	464	465	194	151	135	146	141	118	118	118	118	118	118	118	118	118	118	118	118	118	118	118
118	118	118	118	118	118	118	118	118	118	118	118	118	142	135	135	150	160	161	101	101	101	101	101	101	101	101	101	101	101	101	101	101	101	371	376	263	263	263	263	263	263	374	372	372	373	101	101	101	101	101	101	231	125	125	110	135	111	101	101	102	128	186	191	191	191	191	191	191	191	191	191	196	517	518	199	191	191	191	191	191	191	452	191	191	191	191	191	191	191	183	151	135	135	146	141	118	118	118	118	118	118	118	118	118	118	118	118	118	118
118	118	118	118	118	118	118	118	118	118	118	118	118	118	138	135	150	162	163	101	101	101	101	101	101	101	101	101	101	101	101	101	101	101	101	371	376	263	263	263	263	263	370	101	101	101	101	101	101	101	101	101	231	125	125	110	135	111	101	101	102	128	187	193	208	209	193	193	193	208	209	193	197	202	203	200	193	193	208	209	193	193	222	193	193	193	208	209	193	193	184	151	135	135	135	139	118	118	118	118	118	118	118	118	118	118	118	118	118	118
118	118	118	118	118	118	118	118	118	118	118	118	118	118	138	135	150	164	165	101	101	101	325	326	327	328	329	101	101	160	161	101	101	101	101	101	371	376	263	263	263	374	373	101	101	101	101	101	101	101	160	161	231	125	125	110	135	111	101	101	102	101	188	192	192	192	192	192	192	192	192	192	198	204	205	201	192	192	192	192	192	192	453	192	192	192	192	192	192	192	185	151	135	135	135	139	118	118	118	118	118	118	118	118	118	118	118	118	118	118
118	118	118	118	118	118	118	118	118	118	118	118	118	118	138	135	150	101	101	101	101	101	330	331	332	333	334	101	101	162	163	101	101	101	101	101	101	371	372	372	372	373	101	101	101	101	101	101	101	101	162	163	231	125	125	112	113	114	101	101	102	102	102	102	102	102	102	102	102	102	102	102	110	135	135	111	127	101	101	101	101	101	101	101	101	101	101	101	101	101	157	155	135	135	135	139	118	118	118	118	118	118	118	118	118	118	118	118	118	118
118	118	118	118	118	118	118	118	118	118	118	118	118	118	138	135	150	101	101	101	101	101	335	336	337	338	339	101	101	164	165	101	101	101	101	101	101	101	101	101	101	101	101	101	101	101	101	101	101	127	164	165	228	229	229	229	229	229	229	229	229	229	229	229	229	229	229	229	229	229	229	230	110	135	135	111	127	127	127	127	127	127	127	127	127	127	127	101	101	157	155	135	135	135	144	143	118	118	118	118	118	118	118	118	118	118	118	118	118	118
118	118	118	118	118	118	118	118	118	118	118	118	118	118	138	135	150	101	101	101	160	161	340	341	342	343	344	101	101	107	108	108	108	108	108	108	108	108	108	108	108	108	108	108	108	108	108	108	108	108	108	108	108	108	108	108	108	108	108	108	108	108	108	108	108	108	108	108	108	108	108	108	226	135	135	227	108	108	108	108	108	108	108	108	108	108	109	101	157	155	135	135	144	137	143	118	118	118	118	118	118	118	118	118	118	118	118	118	118	118
118	118	118	118	118	118	118	118	118	118	118	118	118	118	138	135	154	101	101	101	162	163	345	346	347	348	349	127	101	110	224	113	113	113	113	113	113	113	113	113	113	113	113	113	113	113	113	113	113	113	113	113	113	225	224	113	113	113	113	113	113	113	113	113	113	113	113	113	113	113	113	113	113	113	225	224	113	113	113	113	113	113	113	113	113	225	111	157	155	135	135	135	139	118	118	118	118	118	118	118	118	118	118	118	118	118	118	118	118	118
118	118	118	118	118	118	118	118	118	118	118	118	118	118	138	135	135	150	101	101	164	165	110	135	227	108	108	108	108	226	111	101	101	101	101	101	101	101	101	101	101	101	101	101	101	101	101	101	101	101	101	127	127	110	111	234	229	229	229	229	229	229	229	229	229	229	229	229	229	229	229	229	233	101	110	111	101	101	101	101	101	101	101	101	101	110	111	151	135	135	135	135	146	141	118	118	118	118	118	118	118	118	118	118	118	118	118	118	118	118
118	118	118	118	118	118	118	118	118	118	118	118	118	140	147	135	152	101	160	161	101	128	112	113	113	113	113	113	113	113	114	101	101	101	101	101	101	101	101	101	101	101	101	101	101	101	101	101	101	101	101	101	127	110	111	232	166	167	101	101	101	101	101	546	547	548	549	550	101	101	101	101	231	101	110	111	101	128	128	128	128	128	128	128	101	110	111	156	153	135	135	135	144	143	118	118	118	118	118	118	118	118	118	118	118	118	118	118	118	118
118	118	118	118	118	118	118	118	118	118	118	118	118	138	135	135	150	101	162	163	101	128	128	128	128	128	128	128	128	128	101	101	101	101	101	101	101	234	229	229	229	229	229	229	229	229	229	229	229	229	233	101	101	110	111	232	168	169	101	101	101	101	101	551	552	553	554	555	101	101	101	101	231	101	110	111	101	128	366	367	367	367	368	128	101	110	111	101	156	153	135	135	139	118	118	118	118	118	118	118	118	118	118	118	118	118	118	118	118	118
118	118	118	118	118	118	118	118	118	118	118	118	118	138	135	152	101	101	164	165	101	101	101	101	101	101	101	101	101	101	101	101	101	101	101	101	101	232	101	101	101	101	101	101	101	101	101	101	101	101	231	101	101	110	111	232	170	171	101	101	101	101	101	556	557	558	559	560	101	101	101	101	231	101	110	111	101	128	369	118	118	118	370	128	101	110	111	101	101	151	135	135	139	118	118	118	118	118	118	118	118	118	118	118	118	118	118	118	118	118
118	118	118	118	118	118	118	118	118	118	118	118	118	138	135	154	158	101	101	101	101	101	101	101	101	101	101	101	101	101	101	101	101	101	101	101	101	232	101	101	101	101	101	101	101	101	101	101	101	101	231	101	101	110	111	228	229	229	229	230	101	101	101	561	562	563	564	565	101	101	101	101	231	101	110	111	101	128	369	118	118	118	370	128	101	110	111	101	101	151	135	135	139	118	118	118	118	118	118	118	118	118	118	118	118	118	118	118	118	118
118	118	118	118	118	118	118	118	118	118	118	118	118	138	135	135	154	158	101	101	101	101	101	101	101	101	101	101	101	101	101	101	101	101	101	101	101	232	101	325	326	327	328	329	101	101	101	101	160	161	231	101	101	110	227	108	108	108	108	108	108	108	109	566	567	568	569	570	101	101	101	101	231	101	110	111	101	128	371	372	372	372	373	128	101	110	111	101	101	151	135	135	139	118	118	118	118	118	118	118	118	118	118	118	118	118	118	118	118	118
118	118	118	118	118	118	118	118	118	118	118	118	118	138	135	135	135	154	149	158	101	101	101	101	101	101	101	101	101	101	101	101	101	101	101	101	101	232	101	330	331	332	333	334	101	101	101	101	162	163	231	101	101	110	224	113	113	113	113	113	113	225	111	127	110	135	111	101	101	101	101	101	231	101	110	111	101	128	128	128	128	128	128	128	101	110	111	101	101	151	135	135	139	118	118	118	118	118	118	118	118	118	118	118	118	118	118	118	118	118
118	118	118	118	118	118	118	118	118	118	118	118	118	142	137	137	135	135	135	154	149	158	101	101	127	101	101	101	101	101	101	101	101	101	101	101	101	232	101	335	336	337	338	339	101	101	101	101	164	165	231	101	101	110	111	228	229	229	229	233	101	110	227	108	226	135	111	101	101	101	101	101	231	101	110	111	101	101	101	101	101	101	101	101	101	110	111	101	101	151	135	135	146	141	118	118	118	118	118	118	118	118	118	118	118	118	118	118	118	118
118	118	118	118	118	118	118	118	118	118	118	118	118	118	118	118	142	137	135	135	135	154	149	149	158	101	101	101	101	101	101	101	101	101	101	101	101	232	101	340	341	342	343	344	101	101	234	229	229	229	230	101	101	110	111	101	101	101	101	231	101	112	113	113	113	113	114	101	101	101	101	101	231	101	110	227	108	108	108	108	108	108	108	108	108	226	111	101	101	151	135	135	135	139	118	118	118	118	118	118	118	118	118	118	118	118	118	118	118	118
118	118	118	118	118	118	118	118	118	118	118	118	118	118	118	118	118	118	142	137	135	135	135	135	154	149	158	101	101	101	101	101	101	101	101	101	101	232	101	345	346	347	348	349	101	101	232	101	101	101	101	101	101	110	111	160	161	101	101	231	101	101	101	101	101	101	101	101	101	101	101	101	231	101	110	224	113	113	113	113	113	113	113	113	113	113	114	101	101	151	135	135	135	139	118	118	118	118	118	118	118	118	118	118	118	118	118	118	118	118
118	118	118	118	118	118	118	118	118	118	118	118	118	118	118	118	118	118	118	118	142	137	137	135	135	135	154	149	158	101	101	101	101	127	101	101	101	228	230	110	224	114	101	101	101	101	232	166	167	166	167	166	167	110	111	162	163	101	101	228	229	229	229	229	229	229	229	229	229	229	229	229	230	101	110	111	101	101	325	326	327	328	329	101	101	101	101	166	167	151	135	135	135	139	118	118	118	118	118	118	118	118	118	118	118	118	118	118	118	118
118	118	118	118	118	118	118	118	118	118	118	118	118	118	118	118	118	118	118	118	118	118	118	142	137	135	135	135	154	149	158	101	101	101	101	350	351	352	353	110	111	101	101	101	101	101	232	168	169	168	169	168	169	110	111	164	165	103	104	101	103	104	101	103	104	101	101	101	101	101	101	101	101	101	110	111	101	101	330	331	332	333	334	101	101	101	101	168	169	151	135	135	135	146	141	118	118	118	118	118	118	118	118	118	118	118	118	118	118	118
118	118	118	118	118	118	118	118	118	118	118	118	118	118	118	118	118	118	118	118	118	118	118	118	118	142	137	135	135	135	154	149	149	158	101	354	355	356	357	110	111	228	229	229	229	229	230	170	171	170	171	170	171	110	227	108	108	108	108	108	108	108	108	108	108	108	108	108	108	108	108	108	108	108	226	227	108	109	335	336	337	338	339	101	101	166	167	170	171	151	135	135	135	135	139	118	118	118	118	118	118	118	118	118	118	118	118	118	118	118
118	118	118	118	118	118	118	118	118	118	118	118	118	118	118	118	118	118	118	118	118	118	118	118	118	118	118	142	137	135	135	135	135	154	158	358	359	360	361	110	227	108	108	108	108	108	108	108	108	108	108	108	108	226	224	113	113	113	113	113	113	113	113	113	113	113	113	113	225	224	113	113	113	113	113	113	225	111	340	341	342	343	344	166	167	168	169	101	157	155	135	135	135	144	143	118	118	118	118	118	118	118	118	118	118	118	118	118	118	118
118	118	118	118	118	118	118	118	118	118	118	118	118	118	118	118	118	118	118	118	118	118	118	118	118	118	118	118	118	142	137	135	135	135	154	362	363	364	365	112	113	113	113	113	113	113	113	113	113	113	113	113	113	225	111	264	266	101	101	101	101	101	101	101	101	101	128	128	110	111	234	233	166	167	166	167	110	111	345	346	347	348	349	168	169	170	171	157	155	135	135	135	144	143	118	118	118	118	118	118	118	118	118	118	118	118	118	118	118	118
118	118	118	118	118	118	118	118	118	118	118	118	118	118	118	118	118	118	118	118	118	118	118	118	118	118	118	118	118	118	118	142	135	135	135	154	158	228	229	229	229	229	229	229	229	229	229	229	229	229	229	229	233	110	111	265	267	101	101	101	101	101	101	101	101	266	264	128	110	111	232	101	168	169	168	169	110	227	226	135	111	101	101	170	171	101	157	155	135	135	135	144	143	118	118	118	118	118	118	118	118	118	118	118	118	118	118	118	118	118
118	118	118	118	118	118	118	118	118	118	118	118	118	118	118	118	118	118	118	118	118	118	118	118	118	118	118	118	118	118	118	118	142	135	135	135	154	158	101	101	101	101	101	101	101	101	101	101	101	101	101	101	231	110	111	101	101	101	101	101	268	269	270	271	101	267	265	128	110	111	232	101	170	171	170	171	112	113	113	113	114	101	101	101	101	157	155	135	135	135	144	143	118	118	118	118	118	118	118	118	118	118	118	118	118	118	118	118	118	118
118	118	118	118	118	118	118	118	118	118	118	118	118	118	118	118	118	118	118	118	118	118	118	118	118	118	118	118	118	118	118	118	118	142	135	135	135	154	158	101	101	101	101	101	101	101	101	101	101	101	160	161	231	110	111	102	102	102	102	101	272	273	274	275	101	101	101	128	110	111	232	101	101	101	101	101	101	101	101	101	101	101	101	101	157	155	135	135	135	144	143	118	118	118	118	118	118	118	118	118	118	118	118	118	118	118	118	118	118	118
118	118	118	118	118	118	118	118	118	118	118	118	118	118	118	118	118	118	118	118	118	118	118	118	118	118	118	118	118	118	118	118	118	118	142	135	135	135	150	101	101	101	325	326	327	328	329	101	101	101	162	163	231	110	111	264	266	101	102	101	276	277	278	279	101	101	101	128	110	111	232	101	101	101	101	101	101	101	101	127	101	101	101	157	155	135	135	135	135	139	118	118	118	118	118	118	118	118	118	118	118	118	118	118	118	118	118	118	118	118
118	118	118	118	118	118	118	118	118	118	118	118	118	118	118	118	118	118	118	118	118	118	118	118	118	118	118	118	118	118	118	118	118	118	118	142	135	135	154	158	101	101	330	331	332	333	334	101	101	101	164	165	231	110	111	265	267	101	102	101	280	281	282	283	101	101	101	101	110	111	232	101	101	101	101	101	101	101	101	101	101	101	157	155	135	135	144	137	137	143	118	118	118	118	118	118	118	118	118	118	118	118	118	118	118	118	118	118	118	118
118	118	118	118	118	118	118	118	118	118	118	118	118	118	118	118	118	118	118	118	118	118	118	118	118	118	118	118	118	118	118	118	118	118	118	118	138	135	135	150	101	101	335	336	337	338	339	101	101	101	228	229	230	110	111	101	101	101	102	102	102	102	102	102	102	102	102	102	110	111	232	101	101	101	101	101	101	101	101	101	101	157	155	135	135	135	139	118	118	118	118	118	118	118	118	118	118	118	118	118	118	118	118	118	118	118	118	118	118	118
118	118	118	118	118	118	118	118	118	118	118	118	118	118	118	118	118	118	118	118	118	118	118	118	118	118	118	118	118	118	118	118	118	118	118	118	142	135	135	150	101	101	340	341	342	343	344	107	108	108	108	108	108	226	111	128	101	101	101	101	101	101	101	101	101	266	264	127	110	111	232	101	101	101	101	101	101	101	101	101	101	151	135	135	135	144	143	118	118	118	118	118	118	118	118	118	118	118	118	118	118	118	118	118	118	118	118	118	118	118
118	118	118	118	118	118	118	118	118	118	118	118	118	118	118	118	118	118	118	118	118	118	118	118	118	118	118	118	118	118	118	118	118	118	118	118	118	138	135	150	101	101	345	346	347	348	349	110	224	113	113	113	113	225	111	128	101	101	101	101	101	101	101	101	101	267	265	127	110	111	232	101	101	101	101	101	101	101	101	101	101	151	135	135	135	139	118	118	118	118	118	118	118	118	118	118	118	118	118	118	118	118	118	118	118	118	118	118	118	118
118	118	118	118	118	118	118	118	118	118	118	118	118	118	118	118	118	118	118	118	118	118	118	118	118	118	118	118	118	118	118	118	118	118	118	118	118	138	135	150	101	101	110	135	227	108	108	226	111	101	228	229	233	110	111	128	101	101	101	101	101	101	101	101	101	101	101	127	110	111	232	101	101	101	101	101	325	326	327	328	329	151	135	135	135	139	118	118	118	118	118	118	118	118	118	118	118	118	118	118	118	118	118	118	118	118	118	118	118	118
118	118	118	118	118	118	118	118	118	118	118	118	118	118	118	118	118	118	118	118	118	118	118	118	118	118	118	118	118	118	118	118	118	118	118	118	118	138	135	150	101	101	112	113	113	113	113	113	114	101	101	101	231	110	111	128	128	128	128	128	128	127	127	127	127	127	127	127	110	111	228	229	229	229	229	230	330	331	332	333	334	151	135	135	135	139	118	118	118	118	118	118	118	118	118	118	118	118	118	118	118	118	118	118	118	118	118	118	118	118
118	118	118	118	118	118	118	118	118	118	118	118	118	118	118	118	118	118	118	118	118	118	118	118	118	118	118	118	118	118	118	118	118	118	118	118	118	138	135	154	158	101	101	101	101	101	101	101	101	101	101	101	231	110	227	108	108	108	108	108	108	108	108	108	108	108	108	108	226	227	108	108	108	108	108	109	335	336	337	338	339	151	135	135	144	143	118	118	118	118	118	118	118	118	118	118	118	118	118	118	118	118	118	118	118	118	118	118	118	118
118	118	118	118	118	118	118	118	118	118	118	118	118	118	118	118	118	118	118	118	118	118	118	118	118	118	118	118	118	118	118	118	118	118	118	118	118	142	135	135	154	158	101	101	101	101	101	101	101	101	101	101	231	112	113	113	113	225	224	113	113	113	113	113	113	113	113	113	113	113	113	113	113	113	225	111	340	341	342	343	344	151	135	135	139	118	118	118	118	118	118	118	118	118	118	118	118	118	118	118	118	118	118	118	118	118	118	118	118	118
118	118	118	118	118	118	118	118	118	118	118	118	118	118	118	118	118	118	118	118	118	118	118	118	118	118	118	118	118	118	118	118	118	118	118	118	118	118	138	135	135	154	158	228	229	229	229	229	229	229	229	229	230	166	167	166	167	110	111	127	160	161	160	161	160	161	160	161	160	161	160	161	127	127	110	111	345	346	347	348	349	151	135	135	139	118	118	118	118	118	118	118	118	118	118	118	118	118	118	118	118	118	118	118	118	118	118	118	118	118
118	118	118	118	118	118	118	118	118	118	118	118	118	118	118	118	118	118	118	118	118	118	118	118	118	118	118	118	118	118	118	118	118	118	118	118	118	118	142	137	135	135	154	158	101	101	101	101	101	101	101	101	101	168	169	168	169	110	111	101	162	163	162	163	162	163	162	163	162	163	162	163	127	127	110	227	226	135	111	101	101	151	135	135	139	118	118	118	118	118	118	118	118	118	118	118	118	118	118	118	118	118	118	118	118	118	118	118	118	118
118	118	118	118	118	118	118	118	118	118	118	118	118	118	118	118	118	118	118	118	118	118	118	118	118	118	118	118	118	118	118	118	118	118	118	118	118	118	118	118	142	135	135	150	101	101	101	101	101	101	101	101	101	170	171	170	171	110	111	101	164	165	164	165	164	165	164	165	164	165	164	165	101	101	112	113	113	113	114	101	101	151	135	135	139	118	118	118	118	118	118	118	118	118	118	118	118	118	118	118	118	118	118	118	118	118	118	118	118	118
118	118	118	118	118	118	118	118	118	118	118	118	118	118	118	118	118	118	118	118	118	118	118	118	118	118	118	118	118	118	118	118	118	118	118	118	118	118	118	118	118	138	135	154	158	101	101	101	101	101	166	167	101	101	101	101	101	110	111	101	101	101	101	101	101	101	101	101	101	101	101	101	101	101	101	101	101	101	166	167	101	151	135	135	139	118	118	118	118	118	118	118	118	118	118	118	118	118	118	118	118	118	118	118	118	118	118	118	118	118
118	118	118	118	118	118	118	118	118	118	118	118	118	118	118	118	118	118	118	118	118	118	118	118	118	118	118	118	118	118	118	118	118	118	118	118	118	118	118	118	118	142	135	135	154	158	101	101	101	101	168	169	101	101	101	101	101	110	111	101	101	101	101	101	101	101	101	101	101	101	101	101	101	101	101	101	101	101	168	169	101	151	135	135	139	118	118	118	118	118	118	118	118	118	118	118	118	118	118	118	118	118	118	118	118	118	118	118	118	118
118	118	118	118	118	118	118	118	118	118	118	118	118	118	118	118	118	118	118	118	118	118	118	118	118	118	118	118	118	118	118	118	118	118	118	118	118	118	118	118	118	118	142	135	135	150	101	101	101	101	170	171	101	101	101	101	101	110	111	166	167	166	167	101	101	101	101	101	101	101	101	101	101	101	101	101	101	101	170	171	157	155	135	135	139	118	118	118	118	118	118	118	118	118	118	118	118	118	118	118	118	118	118	118	118	118	118	118	118	118
118	118	118	118	118	118	118	118	118	118	118	118	118	118	118	118	118	118	118	118	118	118	118	118	118	118	118	118	118	118	118	118	118	118	118	118	118	118	118	118	118	118	118	138	135	154	158	101	101	101	101	101	101	101	101	101	101	110	111	168	169	168	169	101	101	101	101	101	101	101	101	101	101	101	101	101	101	101	101	101	151	135	135	135	139	118	118	118	118	118	118	118	118	118	118	118	118	118	118	118	118	118	118	118	118	118	118	118	118	118
118	118	118	118	118	118	118	118	118	118	118	118	118	118	118	118	118	118	118	118	118	118	118	118	118	118	118	118	118	118	118	118	118	118	118	118	118	118	118	118	118	118	118	142	135	135	154	158	101	101	101	101	101	101	101	101	101	110	111	170	171	170	171	101	101	101	101	101	101	101	101	101	101	101	101	101	127	101	101	157	155	135	135	135	139	118	118	118	118	118	118	118	118	118	118	118	118	118	118	118	118	118	118	118	118	118	118	118	118	118
118	118	118	118	118	118	118	118	118	118	118	118	118	118	118	118	118	118	118	118	118	118	118	118	118	118	118	118	118	118	118	118	118	118	118	118	118	118	118	118	118	118	118	118	142	135	135	154	158	101	101	101	101	350	351	352	353	110	227	108	108	108	109	101	101	101	101	101	101	101	101	101	101	101	101	101	101	101	157	155	135	135	135	135	139	118	118	118	118	118	118	118	118	118	118	118	118	118	118	118	118	118	118	118	118	118	118	118	118	118
118	118	118	118	118	118	118	118	118	118	118	118	118	118	118	118	118	118	118	118	118	118	118	118	118	118	118	118	118	118	118	118	118	118	118	118	118	118	118	118	118	118	118	118	118	142	135	135	154	158	101	101	101	354	355	356	357	112	113	113	113	225	111	101	101	101	101	101	101	101	101	101	101	101	101	101	101	101	151	135	135	135	135	135	139	118	118	118	118	118	118	118	118	118	118	118	118	118	118	118	118	118	118	118	118	118	118	118	118	118
118	118	118	118	118	118	118	118	118	118	118	118	118	118	118	118	118	118	118	118	118	118	118	118	118	118	118	118	118	118	118	118	118	118	118	118	118	118	118	118	118	118	118	118	118	118	142	135	135	150	101	101	101	358	359	360	361	101	101	101	127	110	111	101	101	101	101	101	325	326	327	328	329	101	101	101	101	101	151	135	135	135	135	135	139	118	118	118	118	118	118	118	118	118	118	118	118	118	118	118	118	118	118	118	118	118	118	118	118	118
118	118	118	118	118	118	118	118	118	118	118	118	118	118	118	118	118	118	118	118	118	118	118	118	118	118	118	118	118	118	118	118	118	118	118	118	118	118	118	118	118	118	118	118	118	118	118	138	135	154	158	101	101	362	363	364	365	101	101	101	101	110	111	101	101	101	101	101	330	331	332	333	334	101	101	101	101	101	156	153	135	135	135	135	146	141	118	118	118	118	118	118	118	118	118	118	118	118	118	118	118	118	118	118	118	118	118	118	118	118
118	118	118	118	118	118	118	118	118	118	118	118	118	118	118	118	118	118	118	118	118	118	118	118	118	118	118	118	118	118	118	118	118	118	118	118	118	118	118	118	118	118	118	118	118	118	118	142	135	135	154	158	101	101	101	160	161	101	101	101	101	110	111	101	101	101	101	101	335	336	337	338	339	101	101	101	101	101	101	151	135	135	135	135	135	139	118	118	118	118	118	118	118	118	118	118	118	118	118	118	118	118	118	118	118	118	118	118	118	118
118	118	118	118	118	118	118	118	118	118	118	118	118	118	118	118	118	118	118	118	118	118	118	118	118	118	118	118	118	118	118	118	118	118	118	118	118	118	118	118	118	118	118	118	118	118	118	118	142	135	135	154	158	101	101	162	163	101	101	101	101	110	111	101	101	101	101	101	340	341	342	343	344	101	101	101	101	101	101	101	153	135	135	135	135	146	141	118	118	118	118	118	118	118	118	118	118	118	118	118	118	118	118	118	118	118	118	118	118	118
118	118	118	118	118	118	118	118	118	118	118	118	118	118	118	118	118	118	118	118	118	118	118	118	118	118	118	118	118	118	118	118	118	118	118	118	118	118	118	118	118	118	118	118	118	118	118	118	118	142	135	135	154	158	101	164	165	101	101	101	101	110	111	101	101	101	101	101	345	346	347	348	349	101	101	101	101	101	101	101	156	153	135	135	135	135	139	118	118	118	118	118	118	118	118	118	118	118	118	118	118	118	118	118	118	118	118	118	118	118
118	118	118	118	118	118	118	118	118	118	118	118	118	118	118	118	118	118	118	118	118	118	118	118	118	118	118	118	118	118	118	118	118	118	118	118	118	118	118	118	118	118	118	118	118	118	118	118	118	118	138	135	135	154	158	101	101	101	101	101	101	110	111	101	101	101	160	161	112	225	111	101	101	101	101	101	101	101	101	101	101	151	135	135	135	144	143	118	118	118	118	118	118	118	118	118	118	118	118	118	118	118	118	118	118	118	118	118	118	118
118	118	118	118	118	118	118	118	118	118	118	118	118	118	118	118	118	118	118	118	118	118	118	118	118	118	118	118	118	118	118	118	118	118	118	118	118	118	118	118	118	118	118	118	118	118	118	118	118	118	142	135	135	135	154	158	101	101	101	101	101	110	111	101	101	101	162	163	101	110	111	101	101	101	325	326	327	328	329	101	101	151	135	135	144	143	118	118	118	118	118	118	118	118	118	118	118	118	118	118	118	118	118	118	118	118	118	118	118	118
118	118	118	118	118	118	118	118	118	118	118	118	118	118	118	118	118	118	118	118	118	118	118	118	118	118	118	118	118	118	118	118	118	118	118	118	118	118	118	118	118	118	118	118	118	118	118	118	118	118	118	142	135	135	135	150	101	101	101	101	101	110	111	101	101	101	164	165	101	110	111	127	101	101	330	331	332	333	334	101	157	155	135	144	143	118	118	118	118	118	118	118	118	118	118	118	118	118	118	118	118	118	118	118	118	118	118	118	118	118
118	118	118	118	118	118	118	118	118	118	118	118	118	118	118	118	118	118	118	118	118	118	118	118	118	118	118	118	118	118	118	118	118	118	118	118	118	118	118	118	118	118	118	118	118	118	118	118	118	118	118	118	142	135	135	154	158	101	101	101	101	110	227	108	108	108	108	108	108	226	227	108	108	109	335	336	337	338	339	101	151	135	144	143	118	118	118	118	118	118	118	118	118	118	118	118	118	118	118	118	118	118	118	118	118	118	118	118	118	118
118	118	118	118	118	118	118	118	118	118	118	118	118	118	118	118	118	118	118	118	118	118	118	118	118	118	118	118	118	118	118	118	118	118	118	118	118	118	118	118	118	118	118	118	118	118	118	118	118	118	118	118	118	138	135	135	154	158	101	101	101	112	113	113	113	113	113	113	113	113	113	113	225	111	340	341	342	343	344	101	155	135	139	118	118	118	118	118	118	118	118	118	118	118	118	118	118	118	118	118	118	118	118	118	118	118	118	118	118	118
118	118	118	118	118	118	118	118	118	118	118	118	118	118	118	118	118	118	118	118	118	118	118	118	118	118	118	118	118	118	118	118	118	118	118	118	118	118	118	118	118	118	118	118	118	118	118	118	118	118	118	118	118	142	135	135	135	154	101	101	101	101	101	101	101	101	101	101	101	101	101	101	110	111	345	346	347	348	349	101	155	144	143	118	118	118	118	118	118	118	118	118	118	118	118	118	118	118	118	118	118	118	118	118	118	118	118	118	118	118
118	118	118	118	118	118	118	118	118	118	118	118	118	118	118	118	118	118	118	118	118	118	118	118	118	118	118	118	118	118	118	118	118	118	118	118	118	118	118	118	118	118	118	118	118	118	118	118	118	118	118	118	118	118	142	135	135	135	154	158	101	160	161	101	101	101	101	101	101	101	101	101	110	227	226	135	111	101	101	155	144	143	118	118	118	118	118	118	118	118	118	118	118	118	118	118	118	118	118	118	118	118	118	118	118	118	118	118	118	118
118	118	118	118	118	118	118	118	118	118	118	118	118	118	118	118	118	118	118	118	118	118	118	118	118	118	118	118	118	118	118	118	118	118	118	118	118	118	118	118	118	118	118	118	118	118	118	118	118	118	118	118	118	118	118	142	137	135	135	150	101	162	163	101	101	101	101	101	101	101	101	101	112	113	113	113	114	127	155	144	143	118	118	118	118	118	118	118	118	118	118	118	118	118	118	118	118	118	118	118	118	118	118	118	118	118	118	118	118	118
118	118	118	118	118	118	118	118	118	118	118	118	118	118	118	118	118	118	118	118	118	118	118	118	118	118	118	118	118	118	118	118	118	118	118	118	118	118	118	118	118	118	118	118	118	118	118	118	118	118	118	118	118	118	118	118	118	138	135	150	101	164	165	101	101	101	101	101	101	101	101	101	101	101	101	157	149	155	144	143	118	118	118	118	118	118	118	118	118	118	118	118	118	118	118	118	118	118	118	118	118	118	118	118	118	118	118	118	118	118
118	118	118	118	118	118	118	118	118	118	118	118	118	118	118	118	118	118	118	118	118	118	118	118	118	118	118	118	118	118	118	118	118	118	118	118	118	118	118	118	118	118	118	118	118	118	118	118	118	118	118	118	118	118	118	118	118	138	135	154	101	101	101	101	101	350	351	352	353	101	166	167	101	101	157	155	135	135	139	118	118	118	118	118	118	118	118	118	118	118	118	118	118	118	118	118	118	118	118	118	118	118	118	118	118	118	118	118	118	118
118	118	118	118	118	118	118	118	118	118	118	118	118	118	118	118	118	118	118	118	118	118	118	118	118	118	118	118	118	118	118	118	118	118	118	118	118	118	118	118	118	118	118	118	118	118	118	118	118	118	118	118	118	118	118	118	118	142	135	135	154	149	149	158	101	354	355	356	357	101	168	169	101	157	155	135	135	135	139	118	118	118	118	118	118	118	118	118	118	118	118	118	118	118	118	118	118	118	118	118	118	118	118	118	118	118	118	118	118	118
118	118	118	118	118	118	118	118	118	118	118	118	118	118	118	118	118	118	118	118	118	118	118	118	118	118	118	118	118	118	118	118	118	118	118	118	118	118	118	118	118	118	118	118	118	118	118	118	118	118	118	118	118	118	118	118	118	118	142	135	135	135	135	150	101	358	359	360	361	101	170	171	157	155	135	135	135	144	143	118	118	118	118	118	118	118	118	118	118	118	118	118	118	118	118	118	118	118	118	118	118	118	118	118	118	118	118	118	118	118
118	118	118	118	118	118	118	118	118	118	118	118	118	118	118	118	118	118	118	118	118	118	118	118	118	118	118	118	118	118	118	118	118	118	118	118	118	118	118	118	118	118	118	118	118	118	118	118	118	118	118	118	118	118	118	118	118	118	118	142	135	135	135	154	158	362	363	364	365	101	101	157	155	135	135	144	137	143	118	118	118	118	118	118	118	118	118	118	118	118	118	118	118	118	118	118	118	118	118	118	118	118	118	118	118	118	118	118	118	118
118	118	118	118	118	118	118	118	118	118	118	118	118	118	118	118	118	118	118	118	118	118	118	118	118	118	118	118	118	118	118	118	118	118	118	118	118	118	118	118	118	118	118	118	118	118	118	118	118	118	118	118	118	118	118	118	118	118	118	118	142	135	135	135	150	101	127	101	101	101	157	155	135	135	144	143	118	118	118	118	118	118	118	118	118	118	118	118	118	118	118	118	118	118	118	118	118	118	118	118	118	118	118	118	118	118	118	118	118	118
118	118	118	118	118	118	118	118	118	118	118	118	118	118	118	118	118	118	118	118	118	118	118	118	118	118	118	118	118	118	118	118	118	118	118	118	118	118	118	118	118	118	118	118	118	118	118	118	118	118	118	118	118	118	118	118	118	118	118	118	118	142	135	135	154	158	101	101	101	157	155	135	135	144	143	118	118	118	118	118	118	118	118	118	118	118	118	118	118	118	118	118	118	118	118	118	118	118	118	118	118	118	118	118	118	118	118	118	118	118
118	118	118	118	118	118	118	118	118	118	118	118	118	118	118	118	118	118	118	118	118	118	118	118	118	118	118	118	118	118	118	118	118	118	118	118	118	118	118	118	118	118	118	118	118	118	118	118	118	118	118	118	118	118	118	118	118	118	118	118	118	118	138	135	135	150	101	101	157	155	135	135	144	143	118	118	118	118	118	118	118	118	118	118	118	118	118	118	118	118	118	118	118	118	118	118	118	118	118	118	118	118	118	118	118	118	118	118	118	118
118	118	118	118	118	118	118	118	118	118	118	118	118	118	118	118	118	118	118	118	118	118	118	118	118	118	118	118	118	118	118	118	118	118	118	118	118	118	118	118	118	118	118	118	118	118	118	118	118	118	118	118	118	118	118	118	118	118	118	118	118	118	142	135	135	154	149	149	155	135	135	144	143	118	118	118	118	118	118	118	118	118	118	118	118	118	118	118	118	118	118	118	118	118	118	118	118	118	118	118	118	118	118	118	118	118	118	118	118	118
118	118	118	118	118	118	118	118	118	118	118	118	118	118	118	118	118	118	118	118	118	118	118	118	118	118	118	118	118	118	118	118	118	118	118	118	118	118	118	118	118	118	118	118	118	118	118	118	118	118	118	118	118	118	118	118	118	118	118	118	118	118	118	142	135	135	135	135	135	135	144	143	118	118	118	118	118	118	118	118	118	118	118	118	118	118	118	118	118	118	118	118	118	118	118	118	118	118	118	118	118	118	118	118	118	118	118	118	118	118
118	118	118	118	118	118	118	118	118	118	118	118	118	118	118	118	118	118	118	118	118	118	118	118	118	118	118	118	118	118	118	118	118	118	118	118	118	118	118	118	118	118	118	118	118	118	118	118	118	118	118	118	118	118	118	118	118	118	118	118	118	118	118	118	142	135	135	135	135	144	143	118	118	118	118	118	118	118	118	118	118	118	118	118	118	118	118	118	118	118	118	118	118	118	118	118	118	118	118	118	118	118	118	118	118	118	118	118	118	118
118	118	118	118	118	118	118	118	118	118	118	118	118	118	118	118	118	118	118	118	118	118	118	118	118	118	118	118	118	118	118	118	118	118	118	118	118	118	118	118	118	118	118	118	118	118	118	118	118	118	118	118	118	118	118	118	118	118	118	118	118	118	118	118	118	138	135	135	144	143	118	118	118	118	118	118	118	118	118	118	118	118	118	118	118	118	118	118	118	118	118	118	118	118	118	118	118	118	118	118	118	118	118	118	118	118	118	118	118	118
118	118	118	118	118	118	118	118	118	118	118	118	118	118	118	118	118	118	118	118	118	118	118	118	118	118	118	118	118	118	118	118	118	118	118	118	118	118	118	118	118	118	118	118	118	118	118	118	118	118	118	118	118	118	118	118	118	118	118	118	118	118	118	118	118	142	137	137	143	118	118	118	118	118	118	118	118	118	118	118	118	118	118	118	118	118	118	118	118	118	118	118	118	118	118	118	118	118	118	118	118	118	118	118	118	118	118	118	118	118
118	118	118	118	118	118	118	118	118	118	118	118	118	118	118	118	118	118	118	118	118	118	118	118	118	118	118	118	118	118	118	118	118	118	118	118	118	118	118	118	118	118	118	118	118	118	118	118	118	118	118	118	118	118	118	118	118	118	118	118	118	118	118	118	118	118	118	118	118	118	118	118	118	118	118	118	118	118	118	118	118	118	118	118	118	118	118	118	118	118	118	118	118	118	118	118	118	118	118	118	118	118	118	118	118	118	118	118	118	118
118	118	118	118	118	118	118	118	118	118	118	118	118	118	118	118	118	118	118	118	118	118	118	118	118	118	118	118	118	118	118	118	118	118	118	118	118	118	118	118	118	118	118	118	118	118	118	118	118	118	118	118	118	118	118	118	118	118	118	118	118	118	118	118	118	118	118	118	118	118	118	118	118	118	118	118	118	118	118	118	118	118	118	118	118	118	118	118	118	118	118	118	118	118	118	118	118	118	118	118	118	118	118	118	118	118	118	118	118	118
118	118	118	118	118	118	118	118	118	118	118	118	118	118	118	118	118	118	118	118	118	118	118	118	118	118	118	118	118	118	118	118	118	118	118	118	118	118	118	118	118	118	118	118	118	118	118	118	118	118	118	118	118	118	118	118	118	118	118	118	118	118	118	118	118	118	118	118	118	118	118	118	118	118	118	118	118	118	118	118	118	118	118	118	118	118	118	118	118	118	118	118	118	118	118	118	118	118	118	118	118	118	118	118	118	118	118	118	118	118
118	118	118	118	118	118	118	118	118	118	118	118	118	118	118	118	118	118	118	118	118	118	118	118	118	118	118	118	118	118	118	118	118	118	118	118	118	118	118	118	118	118	118	118	118	118	118	118	118	118	118	118	118	118	118	118	118	118	118	118	118	118	118	118	118	118	118	118	118	118	118	118	118	118	118	118	118	118	118	118	118	118	118	118	118	118	118	118	118	118	118	118	118	118	118	118	118	118	118	118	118	118	118	118	118	118	118	118	118	118
118	118	118	118	118	118	118	118	118	118	118	118	118	118	118	118	118	118	118	118	118	118	118	118	118	118	118	118	118	118	118	118	118	118	118	118	118	118	118	118	118	118	118	118	118	118	118	118	118	118	118	118	118	118	118	118	118	118	118	118	118	118	118	118	118	118	118	118	118	118	118	118	118	118	118	118	118	118	118	118	118	118	118	118	118	118	118	118	118	118	118	118	118	118	118	118	118	118	118	118	118	118	118	118	118	118	118	118	118	118
118	118	118	118	118	118	118	118	118	118	118	118	118	118	118	118	118	118	118	118	118	118	118	118	118	118	118	118	118	118	118	118	118	118	118	118	118	118	118	118	118	118	118	118	118	118	118	118	118	118	118	118	118	118	118	118	118	118	118	118	118	118	118	118	118	118	118	118	118	118	118	118	118	118	118	118	118	118	118	118	118	118	118	118	118	118	118	118	118	118	118	118	118	118	118	118	118	118	118	118	118	118	118	118	118	118	118	118	118	118
118	118	118	118	118	118	118	118	118	118	118	118	118	118	118	118	118	118	118	118	118	118	118	118	118	118	118	118	118	118	118	118	118	118	118	118	118	118	118	118	118	118	118	118	118	118	118	118	118	118	118	118	118	118	118	118	118	118	118	118	118	118	118	118	118	118	118	118	118	118	118	118	118	118	118	118	118	118	118	118	118	118	118	118	118	118	118	118	118	118	118	118	118	118	118	118	118	118	118	118	118	118	118	118	118	118	118	118	118	118
118	118	118	118	118	118	118	118	118	118	118	118	118	118	118	118	118	118	118	118	118	118	118	118	118	118	118	118	118	118	118	118	118	118	118	118	118	118	118	118	118	118	118	118	118	118	118	118	118	118	118	118	118	118	118	118	118	118	118	118	118	118	118	118	118	118	118	118	118	118	118	118	118	118	118	118	118	118	118	118	118	118	118	118	118	118	118	118	118	118	118	118	118	118	118	118	118	118	118	118	118	118	118	118	118	118	118	118	118	118
118	118	118	118	118	118	118	118	118	118	118	118	118	118	118	118	118	118	118	118	118	118	118	118	118	118	118	118	118	118	118	118	118	118	118	118	118	118	118	118	118	118	118	118	118	118	118	118	118	118	118	118	118	118	118	118	118	118	118	118	118	118	118	118	118	118	140	136	136	142	118	118	118	118	118	118	118	118	118	118	118	118	118	118	118	118	118	118	118	118	118	118	118	118	118	118	118	118	118	118	118	118	118	118	118	118	118	118	118	118
